1111111111
1111111111
1111111111
1111111111
1111111111
1111111111
2 33 11 22
2 33 11 22
2 33 11 22
2 33 11 22
2 33 11 22
2 33 11 22
2 33 11 22
2 33 11 22
2 33 11 22
2 33 11 22
2 33 11 22
2 33 11 22
1111111111
1111111111

1111111111
1111111111
33 11 22 1
33 11 22 1
33 11 22 1
33 11 22 1
33 11 22 1
33 11 22 1
33 11 22 1
33 11 22 1
33 11 22 1
33 11 22 1
33 11 22 1
33 11 22 1
33 11 22 1
33 11 22 1
1111111111
1111111111
1111111111
1 22 33 11
1 22 33 11
1 22 33 11
1 22 33 11
1 22 33 11
1 22 33 11
1 22 33 11
1 22 33 11
1 22 33 11
1 22 33 11
1111111111
1111111111

1111111111
1111111111
22 1 33 11
22 1 33 11
22 1 33 11
22 1 33 11
22 1 33 11
22 1 33 11
22 1 33 11
22 1 33 11
22 1 33 11
22 1 33 11
22 1 33 11
22 1 33 11
22 1 33 11
22 1 33 11
1111111111
1111111111
1111111111
11 33 1 22
11 33 1 22
11 33 1 22
11 33 1 22
11 33 1 22
11 33 1 22
11 33 1 22
11 33 1 22
11 33 1 22
11 33 1 22
1111111111
1111111111
1111111111
1111111111