1111111111
1111111111
1111111111
1111111111
1111111111
1111111111
6 5 1 3 66
6 5 1 3 66
6 5 1 3 66
6 5 1 3 66
6 5 1 3 66
6 5 1 3 66
6 5 1 3 66
6 5 1 3 66
6 5 1 3 66
6 5 1 3 66
6 5 1 3 66
6 5 1 3 66
1111111111
1111111111

1111111111
1111111111
3 66 5 1 4
3 66 5 1 4
3 66 5 1 4
3 66 5 1 4
3 66 5 1 4
3 66 5 1 4
3 66 5 1 4
3 66 5 1 4
3 66 5 1 4
3 66 5 1 4
3 66 5 1 4
3 66 5 1 4
3 66 5 1 4
3 66 5 1 4
1111111111
1111111111
1111111111
55 3 6 1 4
55 3 6 1 4
55 3 6 1 4
55 3 6 1 4
55 3 6 1 4
55 3 6 1 4
55 3 6 1 4
55 3 6 1 4
55 3 6 1 4
55 3 6 1 4
1111111111
1111111111

1111111111
1111111111
1 6 4 55 3
1 6 4 55 3
1 6 4 55 3
1 6 4 55 3
1 6 4 55 3
1 6 4 55 3
1 6 4 55 3
1 6 4 55 3
1 6 4 55 3
1 6 4 55 3
1 6 4 55 3
1 6 4 55 3
1111111111
1111111111
1111111111
66 1 5 3 1
66 1 5 3 1
66 1 5 3 1
66 1 5 3 1
66 1 5 3 1
66 1 5 3 1
66 1 5 3 1
66 1 5 3 1
66 1 5 3 1
66 1 5 3 1
66 1 5 3 1
66 1 5 3 1
66 1 5 3 1
66 1 5 3 1
1111111111
1111111111

1111111111
1111111111
4 66 1 5 3
4 66 1 5 3
4 66 1 5 3
4 66 1 5 3
4 66 1 5 3
4 66 1 5 3
4 66 1 5 3
4 66 1 5 3
4 66 1 5 3
4 66 1 5 3
4 66 1 5 3
4 66 1 5 3
1111111111
1111111111
1111111111
5 3 66 1 4
5 3 66 1 4
5 3 66 1 4
5 3 66 1 4
5 3 66 1 4
5 3 66 1 4
5 3 66 1 4
5 3 66 1 4
5 3 66 1 4
5 3 66 1 4
1111111111
1111111111
1111111111
1111111111