1111111111
1111111111
1111111111
1111111111
1111111111
1111111111
11 33 11 5
11 33 11 5
11 33 11 5
11 33 11 5
11 33 11 5
11 33 11 5
11 33 11 5
11 33 11 5
11 33 11 5
11 33 11 5
11 33 11 5
11 33 11 5
1111111111
1111111111
1111111111
5 11 44 11
5 11 44 11
5 11 44 11
5 11 44 11
5 11 44 11
5 11 44 11
5 11 44 11
5 11 44 11
5 11 44 11
5 11 44 11
5 11 44 11
5 11 44 11
1111111111
1111111111

1111111111
1111111111
44 1 22 66
44 1 22 66
44 1 22 66
44 1 22 66
44 1 22 66
44 1 22 66
44 1 22 66
44 1 22 66
44 1 22 66
44 1 22 66
44 1 22 66
44 1 22 66
1111111111
1111111111
1111111111
1 55 11 33
1 55 11 33
1 55 11 33
1 55 11 33
1 55 11 33
1 55 11 33
1 55 11 33
1 55 11 33
1 55 11 33
1 55 11 33
1 55 11 33
1 55 11 33
1111111111
1111111111
1111111111

1111111111
1111111111
33  66  11
33  66  11
33  66  11
33  66  11
33  66  11
33  66  11
33  66  11
33  66  11
33  66  11
33  66  11
33  66  11
33  66  11
1111111111
1111111111
1111111111
11 44 1 55
11 44 1 55
11 44 1 55
11 44 1 55
11 44 1 55
11 44 1 55
11 44 1 55
11 44 1 55
11 44 1 55
11 44 1 55
11 44 1 55
11 44 1 55
1111111111
1111111111
1111111111
1111111111