1111111111
1111111111
1111111111
1111111111
1111111111
1111111111
6 11 33 44
6 11 33 44
6 11 33 44
6 11 33 44
6 11 33 44
6 11 33 44
6 11 33 44
6 11 33 44
6 11 33 44
6 11 33 44
6 11 33 44
6 11 33 44
1111111111
1111111111
1111111111
44 5 11 22
44 5 11 22
44 5 11 22
44 5 11 22
44 5 11 22
44 5 11 22
44 5 11 22
44 5 11 22
44 5 11 22
44 5 11 22
44 5 11 22
44 5 11 22
1111111111
1111111111

1111111111
1111111111
1 66 11 33
1 66 11 33
1 66 11 33
1 66 11 33
1 66 11 33
1 66 11 33
1 66 11 33
1 66 11 33
1 66 11 33
1 66 11 33
1 66 11 33
1 66 11 33
1111111111
1111111111
1111111111
55 1 44 11
55 1 44 11
55 1 44 11
55 1 44 11
55 1 44 11
55 1 44 11
55 1 44 11
55 1 44 11
55 1 44 11
55 1 44 11
55 1 44 11
55 1 44 11
1111111111
1111111111
1111111111

1111111111
1111111111
11 6 55 22
11 6 55 22
11 6 55 22
11 6 55 22
11 6 55 22
11 6 55 22
11 6 55 22
11 6 55 22
11 6 55 22
11 6 55 22
11 6 55 22
11 6 55 22
1111111111
1111111111
1111111111
33  66  11
33  66  11
33  66  11
33  66  11
33  66  11
33  66  11
33  66  11
33  66  11
33  66  11
33  66  11
33  66  11
33  66  11
1111111111
1111111111
1111111111
1111111111