1111111111
1111111111
1111111111
1111111111
1111111111
1111111111
55 1 66 33
55 1 66 33
55 1 66 33
55 1 66 33
55 1 66 33
55 1 66 33
55 1 66 33
55 1 66 33
55 1 66 33
55 1 66 33
55 1 66 33
55 1 66 33
1111111111
1111111111

1111111111
1111111111
1 44 1 6 1
1 44 1 6 1
1 44 1 6 1
1 44 1 6 1
1 44 1 6 1
1 44 1 6 1
1 44 1 6 1
1 44 1 6 1
1 44 1 6 1
1 44 1 6 1
1 44 1 6 1
1 44 1 6 1
1111111111
1111111111
1111111111
66 11 5 33
66 11 5 33
66 11 5 33
66 11 5 33
66 11 5 33
66 11 5 33
66 11 5 33
66 11 5 33
66 11 5 33
66 11 5 33
1111111111
1111111111

1111111111
1111111111
3 66 11 55
3 66 11 55
3 66 11 55
3 66 11 55
3 66 11 55
3 66 11 55
3 66 11 55
3 66 11 55
3 66 11 55
3 66 11 55
3 66 11 55
3 66 11 55
3 66 11 55
3 66 11 55
1111111111
1111111111
1111111111
44 5 11 66
44 5 11 66
44 5 11 66
44 5 11 66
44 5 11 66
44 5 11 66
44 5 11 66
44 5 11 66
44 5 11 66
44 5 11 66
44 5 11 66
44 5 11 66
1111111111
1111111111
1111111111

1111111111
1111111111
11 6 33 55
11 6 33 55
11 6 33 55
11 6 33 55
11 6 33 55
11 6 33 55
11 6 33 55
11 6 33 55
11 6 33 55
11 6 33 55
1111111111
1111111111
1111111111
1111111111