1111111111
1111111111
1111111111
1111111111
6 1 55 1 3
6 1 55 1 3
6 1 55 1 3
6 1 55 1 3
6 1 55 1 3
6 1 55 1 3
6 1 55 1 3
6 1 55 1 3
6 1 55 1 3
6 1 55 1 3
6 1 55 1 3
6 1 55 1 3
1111111111
1111111111

1111111111
1111111111
33 6 11 55
33 6 11 55
33 6 11 55
33 6 11 55
33 6 11 55
33 6 11 55
33 6 11 55
33 6 11 55
33 6 11 55
33 6 11 55
33 6 11 55
33 6 11 55
33 6 11 55
33 6 11 55
1111111111
1111111111
1111111111
5 44 6 1 3
5 44 6 1 3
5 44 6 1 3
5 44 6 1 3
5 44 6 1 3
5 44 6 1 3
5 44 6 1 3
5 44 6 1 3
5 44 6 1 3
5 44 6 1 3
1111111111
1111111111

1111111111
1111111111
1 6 33 5 1
1 6 33 5 1
1 6 33 5 1
1 6 33 5 1
1 6 33 5 1
1 6 33 5 1
1 6 33 5 1
1 6 33 5 1
1 6 33 5 1
1 6 33 5 1
1 6 33 5 1
1 6 33 5 1
1111111111
1111111111
1111111111
66 1 5 1 4
66 1 5 1 4
66 1 5 1 4
66 1 5 1 4
66 1 5 1 4
66 1 5 1 4
66 1 5 1 4
66 1 5 1 4
66 1 5 1 4
66 1 5 1 4
66 1 5 1 4
66 1 5 1 4
1111111111
1111111111

1111111111
1111111111
4  66  5 1
4  66  5 1
4  66  5 1
4  66  5 1
4  66  5 1
4  66  5 1
4  66  5 1
4  66  5 1
4  66  5 1
4  66  5 1
4  66  5 1
4  66  5 1
1111111111
1111111111
1111111111
1 5 66 3 1
1 5 66 3 1
1 5 66 3 1
1 5 66 3 1
1 5 66 3 1
1 5 66 3 1
1 5 66 3 1
1 5 66 3 1
1 5 66 3 1
1 5 66 3 1
1111111111
1111111111
1111111111
1111111111