1111111111
1111111111
1111111111
1111111111
1111111111
1111111111
4 11 33 22
4 11 33 22
4 11 33 22
4 11 33 22
4 11 33 22
4 11 33 22
4 11 33 22
4 11 33 22
4 11 33 22
4 11 33 22
4 11 33 22
4 11 33 22
1111111111
1111111111

1111111111
1111111111
22 44 11 3
22 44 11 3
22 44 11 3
22 44 11 3
22 44 11 3
22 44 11 3
22 44 11 3
22 44 11 3
22 44 11 3
22 44 11 3
22 44 11 3
22 44 11 3
22 44 11 3
22 44 11 3
1111111111
1111111111
1111111111
1 3 44 1 2
1 3 44 1 2
1 3 44 1 2
1 3 44 1 2
1 3 44 1 2
1 3 44 1 2
1 3 44 1 2
1 3 44 1 2
1 3 44 1 2
1 3 44 1 2
1111111111
1111111111

1111111111
1111111111
33  11  44
33  11  44
33  11  44
33  11  44
33  11  44
33  11  44
33  11  44
33  11  44
33  11  44
33  11  44
33  11  44
33  11  44
1111111111
1111111111
1111111111
1 44  22 1
1 44  22 1
1 44  22 1
1 44  22 1
1 44  22 1
1 44  22 1
1 44  22 1
1 44  22 1
1 44  22 1
1 44  22 1
1 44  22 1
1 44  22 1
1111111111
1111111111
1111111111
1111111111