1111111111
1111111111
1111111111
1111111111
33 11 44 1
33 11 44 1
33 11 44 1
33 11 44 1
33 11 44 1
33 11 44 1
33 11 44 1
33 11 44 1
33 11 44 1
33 11 44 1
33 11 44 1
33 11 44 1
1111111111
1111111111
1111111111

1111111111
1111111111
1 22  33 1
1 22  33 1
1 22  33 1
1 22  33 1
1 22  33 1
1 22  33 1
1 22  33 1
1 22  33 1
1 22  33 1
1 22  33 1
1 22  33 1
1 22  33 1
1111111111
1111111111
1111111111
44 1 22 11
44 1 22 11
44 1 22 11
44 1 22 11
44 1 22 11
44 1 22 11
44 1 22 11
44 1 22 11
44 1 22 11
44 1 22 11
1111111111
1111111111

1111111111
1111111111
11 3 11 44
11 3 11 44
11 3 11 44
11 3 11 44
11 3 11 44
11 3 11 44
11 3 11 44
11 3 11 44
11 3 11 44
11 3 11 44
11 3 11 44
11 3 11 44
1111111111
1111111111
1111111111
2211  4411
2211  4411
2211  4411
2211  4411
2211  4411
2211  4411
2211  4411
2211  4411
2211  4411
2211  4411
2211  4411
2211  4411
1111111111
1111111111
1111111111
1111111111