1111111111
1111111111
1111111111
1111111111
1111111111
44 1 22 33
44 1 22 33
44 1 22 33
44 1 22 33
44 1 22 33
44 1 22 33
44 1 22 33
44 1 22 33
44 1 22 33
44 1 22 33
44 1 22 33
44 1 22 33
1111111111
1111111111

1111111111
1111111111
3 44  1 22
3 44  1 22
3 44  1 22
3 44  1 22
3 44  1 22
3 44  1 22
3 44  1 22
3 44  1 22
3 44  1 22
3 44  1 22
3 44  1 22
3 44  1 22
3 44  1 22
3 44  1 22
1111111111
1111111111
1111111111
22 1 33 44
22 1 33 44
22 1 33 44
22 1 33 44
22 1 33 44
22 1 33 44
22 1 33 44
22 1 33 44
22 1 33 44
22 1 33 44
1111111111
1111111111

1111111111
1111111111
1 3 22 4 1
1 3 22 4 1
1 3 22 4 1
1 3 22 4 1
1 3 22 4 1
1 3 22 4 1
1 3 22 4 1
1 3 22 4 1
1 3 22 4 1
1 3 22 4 1
1 3 22 4 1
1 3 22 4 1
1 3 22 4 1
1 3 22 4 1
1111111111
1111111111
1111111111
44  33  22
44  33  22
44  33  22
44  33  22
44  33  22
44  33  22
44  33  22
44  33  22
44  33  22
44  33  22
44  33  22
44  33  22
1111111111
1111111111
1111111111
1111111111