1111111111
1111111111
1111111111
1111111111
44 11 22 1
44 11 22 1
44 11 22 1
44 11 22 1
44 11 22 1
44 11 22 1
44 11 22 1
44 11 22 1
44 11 22 1
44 11 22 1
44 11 22 1
44 11 22 1
1111111111
1111111111
1111111111
1 55 11 33
1 55 11 33
1 55 11 33
1 55 11 33
1 55 11 33
1 55 11 33
1 55 11 33
1 55 11 33
1 55 11 33
1 55 11 33
1 55 11 33
1 55 11 33
1111111111
1111111111

1111111111
1111111111
22  44  11
22  44  11
22  44  11
22  44  11
22  44  11
22  44  11
22  44  11
22  44  11
22  44  11
22  44  11
22  44  11
22  44  11
1111111111
1111111111
1111111111
1 3 11 5 1
1 3 11 5 1
1 3 11 5 1
1 3 11 5 1
1 3 11 5 1
1 3 11 5 1
1 3 11 5 1
1 3 11 5 1
1 3 11 5 1
1 3 11 5 1
1111111111
1111111111

1111111111
1111111111
55 1 33 22
55 1 33 22
55 1 33 22
55 1 33 22
55 1 33 22
55 1 33 22
55 1 33 22
55 1 33 22
55 1 33 22
55 1 33 22
55 1 33 22
55 1 33 22
1111111111
1111111111
1111111111
11 44 11 2
11 44 11 2
11 44 11 2
11 44 11 2
11 44 11 2
11 44 11 2
11 44 11 2
11 44 11 2
11 44 11 2
11 44 11 2
1111111111
1111111111
1111111111
1111111111