1111111111
1111111111
1111111111
1111111111
1111111111
11 22 11 3
11 22 11 3
11 22 11 3
11 22 11 3
11 22 11 3
11 22 11 3
11 22 11 3
11 22 11 3
11 22 11 3
11 22 11 3
11 22 11 3
11 22 11 3
1111111111
1111111111
1111111111
33 11 22 1
33 11 22 1
33 11 22 1
33 11 22 1
33 11 22 1
33 11 22 1
33 11 22 1
33 11 22 1
33 11 22 1
33 11 22 1
33 11 22 1
33 11 22 1
1111111111
1111111111
1111111111

1111111111
1111111111
1 44 111 2
1 44 111 2
1 44 111 2
1 44 111 2
1 44 111 2
1 44 111 2
1 44 111 2
1 44 111 2
1 44 111 2
1 44 111 2
1 44 111 2
1 44 111 2
1111111111
1111111111
1111111111
11 33 55 1
11 33 55 1
11 33 55 1
11 33 55 1
11 33 55 1
11 33 55 1
11 33 55 1
11 33 55 1
11 33 55 1
11 33 55 1
1111111111
1111111111
1111111111
55 11 33 1
55 11 33 1
55 11 33 1
55 11 33 1
55 11 33 1
55 11 33 1
55 11 33 1
55 11 33 1
55 11 33 1
55 11 33 1
55 11 33 1
55 11 33 1
1111111111
1111111111
1111111111
22 1111 33
22 1111 33
22 1111 33
22 1111 33
22 1111 33
22 1111 33
22 1111 33
22 1111 33
22 1111 33
22 1111 33
22 1111 33
22 1111 33
1111111111
1111111111
1111111111
1111111111