1111111111
1111111111
1111111111
1111111111
1111111111
1111111111
2 55 1 441
2 55 1 441
2 55 1 441
2 55 1 441
2 55 1 441
2 55 1 441
2 55 1 441
2 55 1 441
2 55 1 441
2 55 1 441
2 55 1 441
2 55 1 441
1111111111
1111111111

1111111111
1111111111
44 1 22 55
44 1 22 55
44 1 22 55
44 1 22 55
44 1 22 55
44 1 22 55
44 1 22 55
44 1 22 55
44 1 22 55
44 1 22 55
44 1 22 55
44 1 22 55
44 1 22 55
44 1 22 55
1111111111
1111111111
1111111111
5  33  1 4
5  33  1 4
5  33  1 4
5  33  1 4
5  33  1 4
5  33  1 4
5  33  1 4
5  33  1 4
5  33  1 4
5  33  1 4
1111111111
1111111111

1111111111
1111111111
1 5 22 4 1
1 5 22 4 1
1 5 22 4 1
1 5 22 4 1
1 5 22 4 1
1 5 22 4 1
1 5 22 4 1
1 5 22 4 1
1 5 22 4 1
1 5 22 4 1
1 5 22 4 1
1 5 22 4 1
1111111111
1111111111
1111111111
33  55  22
33  55  22
33  55  22
33  55  22
33  55  22
33  55  22
33  55  22
33  55  22
33  55  22
33  55  22
33  55  22
33  55  22
1111111111
1111111111

1111111111
1111111111
55 1 3 1 4
55 1 3 1 4
55 1 3 1 4
55 1 3 1 4
55 1 3 1 4
55 1 3 1 4
55 1 3 1 4
55 1 3 1 4
55 1 3 1 4
55 1 3 1 4
55 1 3 1 4
55 1 3 1 4
1111111111
1111111111
1111111111
1111111111