1111111111
1111111111
1111111111
1111111111
5 11 33 22
5 11 33 22
5 11 33 22
5 11 33 22
5 11 33 22
5 11 33 22
5 11 33 22
5 11 33 22
5 11 33 22
5 11 33 22
5 11 33 22
5 11 33 22
1111111111
1111111111

1111111111
1111111111
22 5 11 44
22 5 11 44
22 5 11 44
22 5 11 44
22 5 11 44
22 5 11 44
22 5 11 44
22 5 11 44
22 5 11 44
22 5 11 44
22 5 11 44
22 5 11 44
1111111111
1111111111
1111111111
1 44 11 33
1 44 11 33
1 44 11 33
1 44 11 33
1 44 11 33
1 44 11 33
1 44 11 33
1 44 11 33
1 44 11 33
1 44 11 33
1111111111
1111111111

1111111111
1111111111
33 1 55 22
33 1 55 22
33 1 55 22
33 1 55 22
33 1 55 22
33 1 55 22
33 1 55 22
33 1 55 22
33 1 55 22
33 1 55 22
33 1 55 22
33 1 55 22
33 1 55 22
33 1 55 22
1111111111
1111111111
1111111111
55 22 11 4
55 22 11 4
55 22 11 4
55 22 11 4
55 22 11 4
55 22 11 4
55 22 11 4
55 22 11 4
55 22 11 4
55 22 11 4
55 22 11 4
55 22 11 4
1111111111
1111111111
1111111111
1 3 44 1 2
1 3 44 1 2
1 3 44 1 2
1 3 44 1 2
1 3 44 1 2
1 3 44 1 2
1 3 44 1 2
1 3 44 1 2
1111111111
1111111111
1111111111
1111111111