1111111111
1111111111
1111111111
1111111111
1111111111
5 1 33 4 2
5 1 33 4 2
5 1 33 4 2
5 1 33 4 2
5 1 33 4 2
5 1 33 4 2
5 1 33 4 2
5 1 33 4 2
5 1 33 4 2
5 1 33 4 2
5 1 33 4 2
5 1 33 4 2
1111111111
1111111111

1111111111
1111111111
22 5 11 44
22 5 11 44
22 5 11 44
22 5 11 44
22 5 11 44
22 5 11 44
22 5 11 44
22 5 11 44
22 5 11 44
22 5 11 44
22 5 11 44
22 5 11 44
22 5 11 44
22 5 11 44
1111111111
1111111111
1111111111
4 33  5 22
4 33  5 22
4 33  5 22
4 33  5 22
4 33  5 22
4 33  5 22
4 33  5 22
4 33  5 22
4 33  5 22
4 33  5 22
1111111111
1111111111

1111111111
1111111111
55 2 44 13
55 2 44 13
55 2 44 13
55 2 44 13
55 2 44 13
55 2 44 13
55 2 44 13
55 2 44 13
55 2 44 13
55 2 44 13
55 2 44 13
55 2 44 13
1111111111
1111111111
1111111111
3 55 2 1 4
3 55 2 1 4
3 55 2 1 4
3 55 2 1 4
3 55 2 1 4
3 55 2 1 4
3 55 2 1 4
3 55 2 1 4
3 55 2 1 4
3 55 2 1 4
3 55 2 1 4
3 55 2 1 4
3 55 2 1 4
3 55 2 1 4
1111111111
1111111111

1111111111
1111111111
44 3 55 12
44 3 55 12
44 3 55 12
44 3 55 12
44 3 55 12
44 3 55 12
44 3 55 12
44 3 55 12
44 3 55 12
44 3 55 12
1111111111
1111111111
1111111111
1111111111